1383152
1897482
2112761
1829051
1983382
216938
660010
660130
1118314
1275822
1343832
1828741
662172
1360782
1820332
1927051
1496152
1808781
1977312
1700632
1567401
2016512
2092072
2119422
596501
2156011
2177061
1825161
2170321
1941401
1496243
2121741
1375021
1297110
1297140
1297150
1297160
1297180
1297190
1297200
1297210
1297230
1297240
1297250
1297280
1297290
1297410
1297420
1297440
1297460
1297500
1297510
1297520
1297580
1296740
1296741
1296742
1296743
1296760
1296761
1296762
1296780
1296790
1296800
1296820
1296850
1296900
1296910
1296950
1297020
1297060
1297100
1296270
1296310
1296340
1296350
1296380
1296400
1296420
1296470
1296500
1296530
1296590
1296690
1296710
1296711
1296712
1296713
1296714
1295715
1295716
1295717
1295718
1295719
1295720
1295721
1295722
1295723
1295724
1295725
1295726
1295727
1295770
1295780
1295800
1295830
1295880
1295890
1295940
1295970
1295980
1296000
1296210
1296230
1296240
1295280
1295290
1295300
1295310
1295330
1295340
1295350
1295360
1295370
1295380
1295410
1295470
1295480
1295550
1295560
1295590
1295610
1295680
1295712
1295713
1295714
1294840
1294850
1294900
1294940
1294960
1294980
1295040
1295050
1295070
1295090
1295100
1295110
1295120
1295130
1295140
1295150
1295160
1295180
1295190
1295200
1295220
1295240
1294260
1294290
1294330
1294350
1294390
1294400
1294430
1294440
1294460
1294480
1294490
1294500
1294530
1294540
1294560
1294570
1294580
1294610
1294620
1294640
1294690
1294700
1294710
1294730
1294740
1293870
1293910
1293920
1294030
1294100
1294130
1294131
1294140
1294141
1294142
1294143
1294144
1294150
1293350
1293360
1293410
1293440
1293450
1293470
1293480
1293490
1293500
1293550
1293580
1293590
1293591
1293620
1293670
1293680
1293700
1293770
1293790
1293810
1292870
1292890
1292930
1292950
1292990
1293010
1293020
1293030
1293050
1293080
1293090
1293110
1293210
1293230
1293240
1293250
1293280
1293290
1293320
1293330
1293340
1292350
1292360
1292370
1292380
1292400
1292430
1292440
1292460
1292470
1292480
1292490
1292510
1292530
1292570
1292590
1292610
1292640
1292710
1292760
1292780
1292810
1292820
1292830
1291920
1291930
1291940
1291960
1292000
1292030
1292060
1292120
1292160
1292200
1292230
1292231
1292260
1292280
1292300
1292301
1292302
1292303
1292304
1292320
1292330
1291580
1291620
1291631
1291650
1291670
1291700
1291760
1291780
1291781
1291800
1291810
1291820
1291070
1291180
1291270
1291300
1291320
1291360
1291390
1291400
1291430
1291480
1290720
1290730
1290800
1290810
1290840
1290870
1290880
1290890
1290910
1290911
1290912
1290913
1290914
1290915
1290916
1290917
1290918
1290950
1290970
1290980
1291000
1291030
1291031
1291032
1291033
1291034
1291035
1291036
1291037
1291038
1291040
1290280
1290300
1290340
1290360
1290380
1290400
1290401
1290402
1290410
1290420
1290422
1290423
1290424
1290470
1290500
1290520
1290521
1290530
1290531
1290532
1290580
1290590
1290630
1290650
1290660
1290690
1290700
1289760
1289910
1289950
1290020
1290030
1290060
1290070
1290180
1290190
1290210
1290230
1290240
1290250
1289360
1289390
1289400
1289440
1289450
1289451
1289452
1289453
1289454
1289460
1289530
1289570
1289590
1289630
1289660
1289700
1289710
1289720
1289740
1289100
1289110
1289180
1289190
1289191
1289234
1289250
1289280
1288681
1288682
1288683
1288684
1288685
1288720
1288780
1288810
1288830
1288850
1288880
1288910
1288920
1289090
1288180
1288240
1288260
1288340
1288390
1288400
1288440
1288460
1288490
1288510
1288520
1288540
1288580
1287660
1287690
1287720
1287760
1287770
1287780
1287890
1287910
1287930
1287960
1287990
1288010
1288050
1288080
1288150
1287300
1287320
1287321
1287322
1287323
1287324
1287330
1287380
1287480
1287490
1287500
1287510
1287570
1287580
1287581
1287582
1287600
1287601
1287602
1287020
1287050
1287051
1287052
1287053
1287054
1287055
1287056
1287057
1287058
1287059
1287060
1287061
1287062
1287063
1287064
1287065
1287066
1287067
1287068
1287069
1287070
1287071
1287072
1287073
1287074
1287075
1287076
1287081
1287082
1287083
1287130
1287160
1287170
1287210
1286690
1286700
1286720
1286740
1286750
1286760
1286800
1286820
1286903
1286905
1286912
1286913
1286914
1286915
1286916
1286940
1286960
1286256
1286290
1286400
1286420
1286430
1286440
1286450
1286510
1286540
1286610
1286630
1285810
1285830
1285880
1285950
1285980
1286050
1286090
1286100
1286130
1286180
1286190
1286220
1286250
1286251
1286252
1286253
1286254
1286255
1285344
1285440
1285470
1285560
1285570
1285590
1285591
1285592
1285593
1285680
1285690
1285710
1285720
1285770
1284990
1284991
1284992
1285030
1285050
1285090
1285120
1285140
1285150
1285170
1285200
1285220
1285290
1285330
1285332
1285333
1285334
1285335
1285336
1285337
1285338
1285339
1285340
1285341
1285342
1285343
1284600
1284640
1284680
1284690
1284700
1284710
1284712
1284720
1284760
1284790
1284800
1284860
1284880
1284890
1284900
1284910
1284920
1284921
1284930
1284970
1284130
1284160
1284180
1284220
1284230
1284250
1284270
1284310
1284380
1284390
1284500
1284520
1284560
1283640
1283670
1283710
1283711
1283870
1283900
1283930
1284010
1283150
1283160
1283161
1283162
1283163
1283164
1283200
1283230
1283280
1283320
1283340
1283530
1283570
1282680
1282681
1282750
1282850
1282870
1282900
1282920
1282980
1282990
1283050
1283090
1283091
1283100
1282220
1282250
1282260
1282290
1282310
1282350
1282380
1282420
1282440
1282450
1282530
1282531
1282532
1282550
1282620
1282640
1282660
1281720
1281760
1281830
1281880
1281881
1281900
1281910
1281960
1282030
1282070
1282160
1282190
1281550
1281560
1281570
1281571
1281620
1281640
1281710
1281030
1281060
1281070
1281090
1281120
1281160
1281210
1281220
1281250
1281320
1281330
1281410
1281440
1281460
1281500
1281520
1280520
1280570
1280580
1280610
1280630
1280640
1280660
1280680
1280690
1280740
1280760
1280800
1280830
1280890
1280900
1280960
1281000
1281010
1280123
1280124
1280125
1280126
1280127
1280128
1280129
1280140
1280160
1280170
1280190
1280220
1280230
1280260
1280400
1280440
1280450
1280510
1279680
1279710
1279711
1279712
1279713
1279714
1279730
1279740
1279750
1279760
1279840
1279870
1279900
1279950
1279960
1280010
1280020
1280050
1280080
1280120
1280121
1279291
1279360
1279430
1279460
1279500
1279550
1279600
1279670
1278850
1278870
1278980
1278990
1279210
1279211
1279250
1279251
1279252
1279290
1278540
1278560
1278570
1278590
1278610
1278630
1278640
1278660
1278700
1278720
1278740
1278780
1278170
1278240
1278250
1278280
1278310
1278311
1278312
1278313
1278314
1278315
1278340
1278380
1278450
1278460
1278470
1278471
1278472
1278473
1278474
1278475
1278476
1278477
1278510
1277780
1277830
1277860
1277880
1277960
1277990
1278080
1278120
1278130
1278131
1278133
1278134
1277280
1277370
1277380
1277530
1277540
1277550
1277570
1277600
1277630
1277640
1277680
1277690
1277700
1276650
1276770
1276780
1276781
1276860
1277200
1277220
1277250
1277260
1277270
1276340
1276360
1276380
1276400
1276410
1276420
1276440
1276500
1276501
1276502
1276503
1276510
1276520
1276521
1276522
1276523
1276524
1276525
1276560
1276610
1276630
1275730
1275740
1275780
1275900
1275920
1275950
1275960
1275990
1276030
1276050
1276080
1276110
1276160
1275300
1275360
1275430
1275440
1275460
1275470
1275500
1275550
1275570
1275580
1274950
1275020
1275040
1275050
1275070
1275100
1275140
1275160
1275200
1274500
1274530
1274590
1274600
1274660
1274670
1274680
1274730
1274740
1274780
1274790
1274810
1273980
1274050
1274080
1274120
1274130
1274220
1274330
1274400
1274410
1273550
1273630
1273640
1273820
1273830
1273850
1273860
1273880
1273910
1273960
1273961
1273962
1273963
1273970
1273971
1273050
1273051
1273052
1273053
1273054
1273055
1273056
1273090
1273100
1273110
1273140
1273170
1273200
1273300
1273320
1273350
1273360
1273420
1273460
1273470
1273490
1272650
1272654
1272657
1272720
1272770
1272790
1272810
1272880
1272910
1272930
1272940
1273000
1273030
1273040
1272270
1272280
1272310
1272380
1272381
1272382
1272383
1272384
1272385
1272430
1272440
1272480
1272481
1272490
1271860
1271861
1271862
1271880
1271890
1271891
1271892
1271893
1271900
1271950
1272090
1272100
1272140
1272170
1272180
1272210
1271390
1271460
1271470
1271490
1271570
1271571
1271670
1271671
1271680
1271710
1271780
1271790
1271791
1271792
1271793
1271794
1271800
1271130
1271131
1271132
1271133
1271200
1271210
1271231
1271240
1271330
1271350
1271360
1271370
1271371
1270470
1270530
1270540
1270600
1270630
1270640
1270700
1270760
1270770
1270790
1270810
1270830
1270860
1269980
1270000
1270040
1270050
1270060
1270120
1270130
1270140
1270180
1270210
1270230
1270240
1270250
1270260
1270290
1270300
1270320
1270340
1270400
1270410
1270460
1269610
1269630
1269670
1269680
1269700
1269730
1269742
1269743
1269745
1269746
1269748
1269755
1269790
1269840
1269860
1269880
1269910
1269120
1269160
1269170
1269210
1269220
1269221
1269330
1269340
1269350
1269360
1269380
1269430
1269440
1269460
1269470
1269520
1268620
1268720
1268740
1268790
1268800
1268820
1268821
1268850
1268870
1268890
1268930
1268940
1268950
1268970
1268980
1269000
1269010
1269060
1268170
1268190
1268200
1268210
1268220
1268270
1268310
1268320
1268390
1268391
1268410
1268440
1268450
1268460
1268470
1268480
1268500
1268520
1268570
1268580
1268610
1267690
1267710
1267780
1267800
1267801
1267880
1267900
1267970
1268050
1268060
1268080
1268090
1268110
1268120
1268130
1267346
1267360
1267361
1267362
1267363
1267364
1267365
1267380
1267381
1267382
1267383
1267384
1267420
1267430
1267440
1267450
1267460
1267480
1267490
1267500
1267501
1267502
1267503
1267504
1267505
1267506
1267507
1267509
1267510
1267520
1267570
1267590
1267591
1267592
1267593
1267594
1267600
1267610
1267090
1267091
1267092
1267093
1267094
1267095
1267097
1267098
1267099
1267100
1267101
1267102
1267103
1267104
1267105
1267106
1267108
1267109
1267150
1267190
1267200
1267250
1267340
1267341
1267342
1267343
1267344
1267345
1266740
1266750
1266760
1266770
1266800
1266860
1266940
1266970
1267010
1267030
1267060
1267080
